16 13
 1  2    4    3   6  8 -7 14 -9 16 -11 -12  0
-1  2    3    3  -1 -1 -1 -2 -1 -1  -1 -1 -1
-3 	3    3    3  -3 -3 -3 -2 -3 -3  -3 -3 -3
-3 	5    3    3  -3 -3 -3 -2 -3 -3  -3 -3 -3
-4 	5    3    3  -4 -4 -4 -2 -4 -4  -4 -4 -4
 0 	7    0    0   0  0  0  0  0  0   0  0  0
-1  7   -1   -1  -1 -1 -1 -1 -1 -1  -1 -1 -1
 0 11   0    0   9  0  0 12  0  0   0  0  0
 0 10   0    0   0  0  0  0  0  0   0  0  0
-5 10  -5   -5  -5 -5 -5 -5 -5 -5  -5 -5 -5
-5 11  -5   -5  -5 -5 -5 -5 -5 -5  -5 -5 -5
 0 13  13   13   0  0  0  0  0  0   0  0  0
-6 13  13   13  -6 -6 -6 -6 -6 -6  -6 -6 -6
 0 15  15   15   0  0  0  0  0  0   0  0  0
-8 15  15   15  -8 -8 -8 -8 -8 -8  -8 -8 -8
16 16  16   16  16 16 16 16 16 -10 16 16 16
